24.9
24.2
29.1
44.3
53.4
65.3
70.4
68.7
62.4
53.6
39.7
27.7
23.1
18.7
32.2
43.5
54
65.3
71.4
68.2
61.3
49.5
32.5
27
22.2
24.1
39.7
45.6
55.1
61.7
65.7
64.3
59.5
49.3
41.7
23.7
24.1
26.6
41.3
45.1
57.7
58.4
68.4
61.4
60.4
49.9
34.7
22.9
15.7
17.5
30.8
42.1
58.9
62.4
68.7
65.1
58.9
46.3
32.9
20.1
20.1
17.6
32.2
44.4
55.4
62.5
70.1
65
58.7
49.4
36.1
30
29.9
24.8
27.9
44.4
55.7
64
68.8
69.6
62
49.7
37.1
24.1
22.4
16.8
34.1
40.4
50.4
61.6
69.3
65.5
60.7
45.1
37.6
31.1
25.9
20.9
34.1
43.8
57.2
66
71.3
65.4
61.6
51.7
37.5
27.5
25.7
28.2
32
43.7
54
65.2
67.3
65.5
59.2
47.8
41.2
25.1
25.8
23.7
38.3
48.8
54.7
62.2
71
65.3
59.8
51
35.6
21.8
26.7
22.4
30.4
41.7
60.5
62.7
72.5
66.4
58.6
47.4
36.2
33.2
15.6
21.4
31
44.3
56.4
63.6
69.7
64.5
59.1
51.5
39.4
32.6
33.6
22.5
37.8
45.5
53.3
63.7
69.8
66.8
57.9
53
40.8
31.8
23.1
18.4
32.2
41.5
57.4
63.3
65.9
67.1
59.6
52.5
36.9
25
26.9
28.5
31.1
48.2
53
62.2
67.5
65
63.3
50.6
39.6
27.3
27.6
20.7
25.7
42.4
55.3
59.6
70
68.2
60.2
50.4
37
27
24.1
20.7
32.4
41.3
47.7
63.7
70.4
69.6
56.1
46.7
33.6
18.5
14.7
20.9
33.4
44.5
60.5
61
68.5
68.3
56.8
51.7
39.2
29
27.6
27.2
36.6
43.8
56.1
65.8
70.4
64.5
60
51.1
38.1
23.3
16.1
21.4
33.6
41.3
52.6
62.6
67.3
69.2
61.5
54.9
36
30.2
26
27.2
41.7
49.3
55.8
64.9
71.6
65.2
64
49.8
36.6
25.8
20.6
25.8
34.7
44.6
58.3
65.8
68.6
66.5
61.3
50.6
38.2
25.4
20.2
17.4
28.8
44.2
54.4
65.8
66.4
65.2
61.4
49.9
38.4
34.6
25.9
20.3
32.6
42.7
52
62.2
69.1
67.1
58
49.5
38.7
25.3
20.7
31.7
37.5
45.8
53.2
67.5
68
66.9
60.5
43.4
37.6
28
25
22.1
28.8
40
53.6
60.1
68.2
67.3
58.5
47.7
38.6
22
24
28
36.8
44
52.6
61
69
63.6
60.3
52.9
43.2
30.4
27.1
24.8
32.4
42.3
53.2
61.8
70.1
70.1
57.6
51
39.2
31.9
23.1
25.3
37.2
44.3
56.2
65.2
69
65.3
61.8
48
38.7
27.2
25.8
28.4
34.1
43.6
57.4
68.6
69.3
66.4
64
48.1
39.3
28.3
23.8
25.2
35
46.2
56.9
64.7
71.5
68.2
63.6
53
43.9
31.9
33.8
26.1
30.9
43.3
56.5
63.8
67.9
68.5
60.7
51.8
37
30.9
32.4
28.4
31.9
43.8
58.7
66.3
69
67.6
61.4
48.9
33.5
23
25.4
12.8
31.4
45.3
58.2
66.1
70.9
64.8
62.8
46.7
41.5
25.6
19.5
23.7
35.6
43.6
53
63.7
71.1
68
58.5
49.6
42.1
23.8
22.7
18.1
39.7
42.3
58.3
64.3
68.5
67.8
60.3
50.1
34.7
31.2
32.2
29.5
30.1
42.8
57
64.8
70.1
71.6
59.1
48.3
38.7
26.8
22.5
27.8
36.4
46.9
53.6
64.9
69.8
70.5
58.4
52.8
41.1
29.3
23.9
27.8
30
41.1
56.2
64.2
69
71
60.3
50
35.6
28.5
17.5
25.1
28.9
40.6
54.9
62.7
69.2
65.1
59
45.7
38.3
29.7
21.2
24.8
29.3
49.5
57
65.3
69.4
66.2
61.8
51.4
42.3
31.2
23.1
22.9
37.4
47.8
59.3
65.1
68.7
66.8
61.1
51
38.8
24
21.2
25.6
32.1
39.9
55.9
68.6
70.4
67.2
59.4
50.1
38
24.5
25.8
24.6
31
41.6
60.9
64.8
71.1
70.5
61.8
49.4
38.6
25.6
18.8
25.4
43.1
50
52.9
64.2
69.3
66.9
63.7
48.6
40.3
22.7
24.1
22.8
43.4
43.2
54.7
63.9
68.4
64.4
62.2
53.5
42.8
29.7
27.7
24.4
32.9
43.7
54.8
62.1
71
70.1
61.2
56.2
36.2
25.2
17.9
21.2
34
45.2
53.9
61.8
70.4
69.6
61.5
49.4
44.6
31.1
30.9
30
35.8
47.5
57
68.5
73.5
70.3
59.1
54.2
38.3
31.1
32.1
23.7
29.5
42.8
54.5
64.8
69.2
66.9
57.3
52
42.7
29.6
28.6
29.9
35.6
47
56.5
63.2
70
66.8
60.7
51.4
36.6
29.6
28.2
28.2
33.6
47.9
53.8
66.6
73.3
68.3
61.6
48.2
40.2
31.2
30
31
36.6
46
57.4
66.1
69.6
67.3
62
51.8
42.7
34.8
22
32.3
35.3
46.8
53.6
64.6
68
65.3
58.6
54.3
39.9
29.6
23.9
27.8
33.9
46.6
59
63.5
73.8
71.1
59.5
51.1
37.6
22
26.3
28
29.2
41.3
51.8
65.7
67.4
67.4
56.9
49.8
40.5
31.9
18.2
30.2
35.7
47.5
56.4
68
69.4
65.1
61.8
49.5
42.2
34.7
25.9
20.6
35.7
46.2
52.9
60.3
69.5
67.6
60.1
48.2
40.8
20.7
23.6
22.5
33.1
46.3
59.1
63.1
70.9
70.4
63.7
51.2
39.8
31.1
25.2
30.5
27.8
46.8
57.5
64.9
68
67.7
60
49
41.9
23
18.1
26.3
33.8
42.6
53.6
65.4
69.2
68
66.3
52.8
40.3
28.1
24
22.1
34.5
45.9
54.7
65.1
66.2
66.3
57.9
49
36.8
24.3
23
20.4
34.7
44.7
55.2
65.2
70.7
65.8
56.7
54.4
43.6
21.3
26
23.9
35.4
43.8
58.7
64.1
69.9
63.1
59
48.6
40.5
28.7
21.3
24.5
32.8
42.1
58.4
63.6
67.9
68
60.4
48.7
37.4
30.5
23.9
25.9
35.5
42.1
53
65.3
70.5
68.1
58.4
48.6
42.6
28.8
29.4
21.8
29.7
42.5
49.1
66
70.5
67.8
59.6
50.4
35.5
29.9
19.5
21.4
36
48.2
53.7
62.9
71.1
67
61.9
52.8
37.9
25.4
23.8
26.1
32
47.5
55.2
65.3
68.2
70.2
61
49.7
39.9
26.8
15.9
25.9
32.2
44.9
57.5
64.1
70.9
69.4
61.3
51.7
41.2
24.9
18.2
26.1
32.8
42.3
54.1
65.6
69.6
68.4
63.8
55.4
37.3
30.9
26.4
23.4
31.9
40.4
55.8
62.8
70.1
66.9
60.9
46
36.5
30.2
27.3
25.2
40
47.2
54.3
67.3
70.8
71.5
60.3
50.6
40.2
33
26.7
24.3
34.8
47.5
53.2
63.6
69.6
68.7
60
45.3
40.4
31.2
28.5
26.4
32.4
41
59.7
64.5
71.9
68.3
58.1
52.1
44.9
28.2
19.6
31.2
36.2
49.2
55.2
68.5
68.4
67.2
58.8
46.8
35.6
22.3
16.2
25.2
39.6
46.6
58.2
62.9
69.8
68.6
60.2
49.3
42.2
26.8
22.8
19.2
31
43.2
56.1
64.5
68.6
68.8
57.3
48.3
39.4
29.2
26
17.4
38.4
44.6
58.6
63.9
71.4
67.8
59.8
49.5
44.5
32.5
26.1
22.8
33.5
46.5
56.7
62.2
71.2
70.1
61.7
47.6
36.8
23.7
16
32.3
35.2
48
57.3
65.9
70.8
67.5
59.2
46.6
39.7
28.2
16.5
26.1
33.5
43
57.3
61.1
70
65.4
60.6
49.2
43.7
34.9
26.1
28.3
37.3
45.8
54.2
66.3
71.4
69.5
63.7
50.2
41.5
27.4
21.6
33.3
29.6
44.7
54.6
66.5
69.5
70.6
58.2
52.4
40.1
34.4
19.8
27.9
37
46.7
57.2
61.3
69.8
67.4
61.4
50.8
41.7
25.8
26.4
24.6
36.6
47.6
57.6
62.6
68.4
66
58.4
49.5
37.2
31.2
23.6
24.6
36.1
46.2
56.5
65.6
70.6
66.4
60.4
47.8
39.4
31.6
21.7
26.8
35.3
44.5
56.4
64.1
71.9
71.6
59.2
46
41.3
27.6
29
25.8
34.1
42.9
57.6
65.7
69.6
68.2
61.3
50.8
39
15.8
32.6
30.1
36.9
45.6
53.2
65
70.4
70
60.3
54.5
42.5
35
24.9
31.6
38.2
48.8
61.2
66.3
69.9
70
59.4
52.3
41.1
31.1
26.4
28.2
32.1
43
55
63.7
66.8
66.4
60.2
46.8
38.4
29.8
27.7
20.8
31.8
45.8
57.8
64.9
70.8
69.9
60.8
47.8
40.1
29.5
17.1
21.9
34
47.4
54.7
67.8
73.8
67.2
59.8
50
44.2
33.9
31.6
24.5
37.5
43.5
54.4
65.8
72.6
68.9
59.1
53.6
36.9
25.1
24.6
26
31.8
45.2
54.8
66
68.8
69
61.1
49.5
36.2
34.9
25.4
32.5
33.7
43.4
53
65.3
69.7
67.6
60.5
48.6
37.6
31
31.1
33.7
37.9
47.2
59.7
64.2
70.4
70.2
63
51.1
40.3
35.6
26
30.6
36.4
46.6
57.4
68.1
73
68.5
64.3
48.9
44.8
32.8
23.5
30.1
40.6
45.1
56.4
65.1
67
67
60.2
50.2
40
25
24.6
27.8
32.5
45.9
57.8
67.5
67.2
71.7
61.9
51.9
44.4
35.9
32.4
32.4
37.1
48.5
54.6
64
71.4
71.4
64.4
48.4
39
28.5
19
22.8
34.5
42.9
54.2
64
71
71.5
62.6
48.6
42.8
31.4
17.3
27.4
36.6
46.9
58.5
63.7
69
69
62.4
50
40.6
30
23
28.2
31.2
48
51.5
68.2
71.4
72.1
64.8
52.1
42.2
28
32.9
28.2
35.4
47.7
56.1
66.4
73.3
68.3
60.3
50
45.8
37
29.9
22.4
34
43.3
58.4
65.6
70.1
69.4
63.3
56
38.7
28.4
28.2
28.6
34.6
47.9
54.2
67.4
72.4
67.2
62.4
49.1
39.9
31.4
19.8
28.6
35.3
48.3
57
62.8
67.6
71
59.8
48.4
45.3
29
25.9
29.3
41.4
50.6
60.3
67.6
74.1
70.1
64.6
51.5
41
27.8
22.4
25.5
35.4
47.7
58.5
65.2
72.8
69.8
64.9
52.6
45.4
35.8
30.4
33.6
44.1
48.7
60.4
65
73
71.5
61.9
53.5
39.2
34.7
27.5
28.4
34.9
46.3
57.7
67
75
68
60.8
51.8
38.8
29.4
23
24.1
29.1
45.9
57.2
65.9
71.2
67.2
62.3
53.3
38.8
34.7
21.8
14.6
29.3
45.5
61.8
63.6
71
71.1
66.2
50.1
44.7
41.8
28.5
30.9
41
45
57.2
66.1
72.6
72.5
64.6
52.2
42.2
31
31.5
33
31.5
50.2
55.2
66
70
68
65.1
57.5
40.3
26.6
24.5
34.3
34.8
42.3
60.8
64.8
73.3
73.5
65.2
50.3
37.8
32.1
25.9
28.5
33.7
47.7
55.3
65.5
73.8
69.8
62
52.4
37.4
30.5
32
32.4
40.1
43.1
56.1
67.5
74.5
71.6
62.7
52.4
44.7
33.2
